4.105773791971942810e-01
-1.504804912783089949e-02
3.850137784879739122e-01
3.847113021686592860e-01
2.703634235207808545e-01
4.060197244601912447e-01
1.009942394865514237e-01
6.193073203779636549e-02
-1.431026723585772549e-02
-1.319557165338860749e-01
2.456852275082391512e-01
4.897821920035166227e-02
2.220181615613392445e-02
-2.073988347200621946e-02
-1.434813890201904196e-01
-1.250337448093047643e-01
-1.542841172132141669e-01
-8.354239483722424031e-02
-5.930268701668237746e-02
-8.168157801509265403e-02
-1.064071214372217383e-01
-9.782547283630683987e-02
1.413802348497730918e-03
1.927914902289373095e-02
3.217406449475945784e-01
2.317881729484068953e-01
-2.296425972470805543e-01
2.983112173914542753e-01
-4.125833056553902811e-02
2.807304863600883493e-01
-1.076858289172679117e-01
-2.279967140457720698e-01
2.399186442289321514e-02
7.966417235217602144e-01
-7.386198698556266373e-02
-5.703314907774564846e-01
-1.326277672211768899e-01
-1.145628711778215320e-01
-1.570968333535764927e-01
-9.436693882784731938e-03
-1.359251083085312450e-02
3.790260174864230058e-01
-9.495591977044012810e-02
-1.570245960261832385e-01
-1.232445429004132842e-01
-2.764124958583308866e-01
-6.854605220601854565e-02
3.309229610402579791e-01
4.747637579459824259e-02
3.411033659633289777e-02
4.362687340232713346e-02
-2.787348324243160702e-02
-1.441207276098686041e-01
7.167219832575766336e-01
-3.430568217602883441e-01
-1.521257363270485385e-01
-4.059340296272770932e-01
-2.498747501175879737e-01
2.263232413770362716e-01
-5.355491549565326304e-02
2.582175133179609797e-02
-1.591645713900597392e-01
-5.564240491452930593e-02
1.496037355922893719e-01
1.750759066301221106e-02
2.492958852783471943e-02
1.079682636200644027e-03
-3.835213298826534861e-02
8.197565175194185955e-03
-3.979000807213258634e-02
-1.634985682395269369e-02
-3.877995520747692243e-02
2.131780142622590607e-02
1.785562256158425287e-02
1.804342979422449492e-02
-3.439937672583915978e-04
-3.245663137816842680e-02
-2.473453059758618996e-02
-4.524886877828039090e-03
-1.323279672675617066e-02
9.539721964578648863e-03
1.839863171887078097e-03
3.113253806475486593e-02
3.052370968588104250e-02
-6.923631232133678134e-03
2.092170541466507883e-02
-1.921954959140763017e-02
3.175602757663737591e-02
-8.636867451469305845e-03
-1.111634243703576302e-01
-2.273384395440296996e-02
-2.170548420120914368e-02
-2.146033848996979979e-02
2.450741371712076427e-02
-5.261302710006836129e-03
-2.174202842063589075e-02
-3.603936069251244267e-02
-2.251321953301272478e-04
-4.705901277154945876e-03
4.126735834565657679e-02
-7.625732655004358561e-03
-1.748712196929767121e-02
5.306423900278805367e-02
-2.509170754620741045e-02
1.750036604800529402e-02
1.428252498937741810e-02
