-1.377929578797536525e-01
6.286177825971772312e-03
-1.219486297781153389e-01
-1.246397356828424230e-01
-8.230039104654406079e-02
-1.262568237876813826e-01
-3.073684769822052076e-02
-2.285776629342413380e-02
1.395590306137586790e-03
5.398020845711490323e-02
-8.304174984797053904e-02
-2.305218723297738567e-02
-1.104622903927717295e-02
5.274417998612059358e-03
4.038397497083780902e-02
3.872040486118398517e-02
3.673843981797023095e-02
2.406683104590793751e-02
2.374264986413526096e-02
2.350579776982225991e-02
3.600651842522370472e-02
3.370775402203027293e-02
6.640101655284305149e-04
-1.996701551034291578e-03
-1.022366264704154537e-01
-7.446442561624591616e-02
7.517129978102907173e-02
-1.051099719451541598e-01
7.842628842639682782e-03
-8.393110508102792633e-02
3.891757027455183121e-02
7.309630937538440232e-02
-7.932334204829780827e-03
-2.460843804176333638e-01
1.950737182991863633e-02
1.745807454636136569e-01
4.488515263813250278e-02
3.274633653902054437e-02
5.606361019977772892e-02
4.268860270344053865e-04
1.257076534073425962e-02
-1.206451033457894284e-01
2.775254030304951866e-02
4.839927028096733391e-02
3.642437607302351915e-02
8.990021139914962378e-02
1.456243761000488267e-02
-1.042563515094382665e-01
-1.850592821492218903e-02
-1.896840818929852387e-02
-2.035164704167566688e-02
1.723001921999569447e-02
4.040216900224315871e-02
-2.230487941291439957e-01
9.860783240422181517e-02
4.365281926895933640e-02
1.324658183741837802e-01
8.156458033013888609e-02
-6.660305142587254201e-02
1.697883637729231607e-02
-1.556595615365425960e-03
5.015596974871284336e-02
1.981850571756100035e-02
-5.100532647591561608e-02
-3.296965539845239483e-03
-5.099726907378144582e-03
-5.023639639517948896e-03
1.215874777593544710e-02
3.497825310702544835e-03
1.868867444168398687e-02
-7.416778603134641795e-04
1.229450760486451230e-02
-2.521738191041043159e-03
-5.337959176451793041e-03
-6.829094828096082120e-03
-3.297711183975113834e-03
1.474065430753267528e-02
-2.488140205461203402e-03
5.407454360186907984e-03
-2.468877416393282665e-03
-6.651910105540524698e-03
7.843381005283432293e-04
-1.278341535248549848e-02
-3.724591241880602539e-03
-3.031927338836875891e-03
-4.691508756091016669e-03
1.903447960918417531e-02
-1.027418507621316070e-02
7.295556555092198685e-03
3.960067958078512806e-02
9.478721596408419894e-03
7.295556555087664985e-03
7.389668458917912630e-03
-3.128373119257538137e-03
6.784143053694331391e-03
-6.353664797185703704e-04
6.730707123811990010e-03
-5.564874280810968264e-03
4.274134174138335442e-03
-3.220121413761143671e-03
2.417728478982903318e-03
1.337593674024237450e-03
-2.541670567969187694e-02
1.910337409770283129e-02
-3.061958000726247228e-03
-1.856734982741330229e-03
