2.576055647894314404e+00
1.257722510744994304e+00
2.301324417237984754e+00
1.519558304402501392e+01
2.186936448795973043e+00
1.836665305609274323e+00
1.981927049291727361e+00
-1.066685293503403242e-01
-2.213469952650414019e+00
-1.780818766454559388e-01
4.814034099178886583e-01
-1.574695441979693245e-01
2.406429745758849048e-01
-4.165002172302409100e+00
-8.657581949258216225e-01
-2.562745743350573147e+00
-1.559244083553943616e+00
-6.495312453439461287e-01
-1.089926446083693712e+00
-2.123014595630533519e-01
-6.746131151045440255e-01
-1.678916617787464594e+00
1.968408080451774511e-01
5.510381049649524243e-01
2.220162234194506201e+00
1.235095917069183757e+00
-5.470540649615744933e-01
2.825442094600930876e+00
-1.154916922779946020e+01
3.314810383053118592e+00
-5.950237553089925413e-01
-8.190352059463213985e-01
-1.098511808411365198e+00
5.495295246289536806e+00
9.102804757756686183e-01
-4.463560467002381849e+00
-1.693564779252541008e+00
-7.834911232209131882e-01
-1.728507286414607824e+00
-3.296954336104394478e+00
-1.522368813911421093e-01
1.120478896563030125e+00
-7.680574725637971945e-01
5.006507767753873850e-01
3.644815328874756455e-01
-8.638864502713371474e-01
-4.768290580252026345e+00
1.069963388275625427e+00
5.046445890853102911e-01
8.064842975158381666e-01
3.495109449337316931e+00
-9.961367222839933033e-01
-1.000333590341242251e+00
-8.743771721896220761e-02
8.817263438735496450e-01
-2.055235792091071989e+00
-1.821105962424934388e+00
1.350395248012750793e+00
1.211036358339916630e+00
-9.105639775996887675e-02
9.487370020144302307e-01
-7.530783833797205506e-01
-8.216972532153584696e-01
3.992895878163896239e-01
2.449913498673990553e+00
-2.396270790985764454e-01
3.002518090971447950e+00
-8.968771112817524038e-01
-7.397775511469595333e-01
-1.248410333404373684e+00
-1.225126708119297358e+00
-9.805326675605701148e-01
2.167202048114904578e+00
-1.959792529334896782e+00
-1.096754240821574466e+00
-1.843329633591918038e+00
-1.635290050931683892e+00
5.180306989206474866e-02
-2.045527629775882517e+01
-2.904956810966044856e+00
2.451325167210544720e+00
-1.967060247816559304e+00
-2.733448217619640186e+00
-1.373517031329255234e-01
-1.587250531502146123e+00
-4.370612135056775593e-02
-1.348573782143847488e+00
-1.601845317811350755e+00
-2.332037660271934154e+00
4.326558507560961386e-01
-7.172477604814135876e-01
-4.238906412794071876e+00
-3.915681766300522781e+00
-2.922880683502908639e-01
2.372060630677508719e+00
-8.980520367186907160e-01
-1.851979807355244034e-01
3.068167171438956675e+00
-7.582847258715776917e-01
-1.166933667555295928e+00
-1.329335065791510395e+00
-7.895494687411259704e-01
2.384955971803529362e+00
1.902579674960386047e+00
3.753036281836383825e+00
9.411176069286886214e-02
